# Elapsed time   CPU (%)     Real (MB)   Virtual (MB)
       0.002        0.000        4.617        8.941
       0.106        0.000        4.617        8.941
       0.208        0.000        4.617        8.941
       0.310        0.000        4.617        8.941
       0.412        0.000        4.617        8.941
       0.514        0.000        4.617        8.941
       0.616        0.000        4.617        8.941
       0.718        0.000        4.617        8.941
       0.820        0.000        4.617        8.941
       0.921        0.000        4.617        8.941
       1.023        0.000        4.617        8.941
       1.125        0.000        4.617        8.941
       1.227        0.000        4.617        8.941
       1.328        0.000        4.617        8.941
       1.430        0.000        4.617        8.941
       1.531        9.900       42.812       47.090
       1.633        0.000       42.812       47.090
       1.735        0.000       42.812       47.090
       1.836        0.000       42.812       47.090
       1.937        0.000       42.812       47.090
       2.039        0.000       42.812       47.090
       2.140        0.000       42.812       47.090
       2.242        0.000       42.812       47.090
       2.343        0.000       42.812       47.090
       2.445        0.000       42.812       47.090
       2.547        0.000       42.812       47.090
       2.649        0.000       42.812       47.090
       2.751        0.000       42.812       47.090
       2.853        0.000       42.812       47.090
       2.955        0.000       42.812       47.090
       3.057       19.700       80.965       85.238
       3.159        0.000       80.965       85.238
       3.261        0.000       80.965       85.238
       3.363        0.000       80.965       85.238
       3.465        0.000       80.965       85.238
       3.566        0.000       80.965       85.238
       3.668        0.000       80.965       85.238
       3.771        0.000       80.965       85.238
       3.874        0.000       80.965       85.238
       3.976        0.000       80.965       85.238
       4.078        0.000       80.965       85.238
       4.180        0.000       80.965       85.238
       4.282        0.000       80.965       85.238
       4.384        0.000       80.965       85.238
       4.485        0.000       80.965       85.238
       4.587       58.800      119.113      123.387
       4.689        0.000      119.113      123.387
       4.791        0.000      119.113      123.387
       4.893        0.000      119.113      123.387
       4.995        0.000      119.113      123.387
       5.097        0.000      119.113      123.387
       5.200        0.000      119.113      123.387
       5.302        0.000      119.113      123.387
       5.404        0.000      119.113      123.387
       5.506        0.000      119.113      123.387
       5.608        0.000      119.113      123.387
       5.710        0.000      119.113      123.387
       5.812        0.000      119.113      123.387
       5.914        0.000      119.113      123.387
       6.016        0.000      119.113      123.387
       6.117       39.400      141.137      161.535
       6.219        9.800      157.262      161.535
       6.321        0.000      157.262      161.535
       6.423        0.000      157.262      161.535
       6.526        0.000      157.262      161.535
       6.631        0.000      157.262      161.535
       6.733        0.000      157.262      161.535
       6.835        0.000      157.262      161.535
       6.937        0.000      157.262      161.535
       7.039        0.000      157.262      161.535
       7.141        0.000      157.262      161.535
       7.243        0.000      157.262      161.535
       7.345        0.000      157.262      161.535
       7.447        0.000      157.262      161.535
       7.549        0.000      157.262      161.535
       7.651       19.600      195.410      199.684
       7.753        9.800      195.410      199.684
       7.855        0.000      195.410      199.684
       7.957        0.000      195.410      199.684
       8.059        0.000      195.410      199.684
       8.161        0.000      195.410      199.684
       8.263        0.000      195.410      199.684
       8.365        0.000      195.410      199.684
       8.468        0.000      195.410      199.684
       8.570        0.000      195.410      199.684
       8.671        0.000      195.410      199.684
       8.772        0.000      195.410      199.684
       8.874        0.000      195.410      199.684
       8.976        0.000      195.410      199.684
       9.078        0.000      195.410      199.684
       9.180        0.000        4.691        8.941
       9.282        0.000        4.691        8.941
       9.384        0.000        4.691        8.941
       9.486        0.000        4.691        8.941
       9.588        0.000        4.691        8.941
       9.690        0.000        4.691        8.941
       9.792        0.000        4.691        8.941
       9.894        0.000        4.691        8.941
       9.996        0.000        4.691        8.941
      10.098        0.000        4.691        8.941
      10.200        0.000        4.691        8.941
      10.302        0.000        4.691        8.941
      10.404        0.000        4.691        8.941
      10.506        0.000        4.691        8.941
      10.608        0.000        4.691        8.941
      10.710        0.000        4.691        8.941
      10.812        0.000        4.691        8.941
      10.915        0.000        4.691        8.941
      11.017        0.000        4.691        8.941
      11.119        0.000        4.691        8.941
      11.221        0.000        4.691        8.941
      11.323        0.000        4.691        8.941
      11.425        0.000        4.691        8.941
      11.528        0.000        4.691        8.941
      11.629        0.000        4.691        8.941
      11.731        0.000        4.691        8.941
      11.833        0.000        4.691        8.941
      11.936        0.000        4.691        8.941
      12.038        0.000        4.691        8.941
      12.140        0.000        4.691        8.941
