# Elapsed time   CPU (%)     Real (MB)   Virtual (MB)
       0.001        0.000       19.953     2417.621
       0.103       29.400       43.434     3198.727
       0.205        0.000       43.434     3198.727
       0.307        0.000       43.434     3198.727
       0.409        0.000       43.434     3198.727
       0.511        0.000       43.434     3198.727
       0.613        0.000       43.434     3198.727
       0.715        0.000       43.434     3198.727
       0.817        0.000       43.434     3198.727
       0.919        0.000       43.434     3198.727
       1.021        9.800       43.434     3263.730
       1.123        9.800       43.109     3393.738
       1.225        0.000       43.109     3393.738
       1.327        0.000       43.109     3393.738
       1.429        0.000       43.109     3393.738
       1.531        9.800       48.465     3393.738
       1.634      107.400       84.340     3393.738
       1.736        0.000       84.340     3393.738
       1.838        0.000       84.340     3393.738
       1.940        0.000       84.340     3393.738
       2.042        0.000       86.473     3393.738
       2.144        0.000       86.473     3393.738
       2.252        0.000       86.473     3393.738
       2.354        0.000       86.473     3393.738
       2.456        0.000       86.473     3393.738
       2.558        0.000       86.473     3393.738
       2.660        0.000       86.473     3393.738
       2.762        9.800       86.473     3393.738
       2.864        0.000       86.473     3393.738
       2.966        0.000       86.473     3393.738
       3.068        0.000       88.477     3393.738
       3.170       88.200      130.488     3393.738
       3.272        0.000      130.488     3393.738
       3.374        0.000      130.488     3393.738
       3.476        0.000      130.488     3393.738
       3.578        0.000      130.488     3393.738
       3.680        0.000      130.488     3393.738
       3.782        0.000      130.488     3393.738
       3.884        0.000      130.488     3393.738
       3.986        0.000      130.488     3393.738
       4.088        0.000      130.488     3393.738
       4.190        9.800      130.488     3393.738
       4.292        0.000      130.488     3393.738
       4.393        0.000      130.488     3393.738
       4.495        0.000      130.488     3393.738
       4.596        0.000      130.488     3393.738
       4.698       39.300      172.172     3458.742
       4.800        0.000      172.172     3458.742
       4.901        0.000      172.172     3458.742
       5.003        0.000      172.172     3458.742
       5.105        9.800      171.617     3458.742
       5.207        0.000      171.617     3458.742
       5.309        0.000      171.617     3458.742
       5.412        0.000      171.617     3458.742
       5.514        0.000      171.617     3458.742
       5.616        0.000      171.617     3458.742
       5.718        0.000      171.617     3458.742
       5.820        0.000      171.617     3458.742
       5.922        0.000      171.617     3458.742
       6.024        0.000      171.617     3458.742
       6.126       19.600      173.746     3523.746
       6.227       39.500      212.215     3523.746
       6.329        9.800      212.215     3523.746
       6.432        0.000      212.215     3523.746
       6.534        0.000      212.215     3523.746
       6.641        0.000      212.215     3523.746
       6.743        0.000      212.215     3523.746
       6.845        0.000      212.215     3523.746
       6.947        0.000      212.215     3523.746
       7.049        0.000      212.215     3523.746
       7.151        0.000      212.215     3523.746
       7.253        0.000      212.215     3523.746
       7.355        0.000      212.215     3523.746
       7.457        0.000      212.215     3523.746
       7.559        0.000      212.215     3523.746
       7.661        0.000      212.215     3523.746
       7.764       48.300      255.672     3653.754
       7.866        9.800      255.672     3653.754
       7.969        0.000      255.672     3653.754
       8.071        0.000      255.672     3653.754
       8.174        0.000      255.672     3653.754
       8.276        0.000      255.672     3653.754
       8.378        0.000      255.672     3653.754
       8.480        0.000      255.672     3653.754
       8.582        0.000      255.672     3653.754
       8.684        0.000      255.672     3653.754
       8.785        0.000      255.672     3653.754
       8.887        0.000      255.672     3653.754
       8.989        0.000      255.672     3653.754
       9.091       49.000      257.672     3718.758
       9.193        0.000      257.672     3718.758
       9.295       29.300      259.297     3783.762
       9.398        0.000      259.297     3783.762
       9.500        0.000      259.297     3783.762
       9.602        0.000      259.297     3783.762
       9.704        0.000      259.297     3783.762
       9.806        0.000      259.297     3783.762
       9.908        0.000      259.297     3783.762
      10.010        0.000      259.297     3783.762
      10.112       19.600      259.297     3783.762
      10.214        0.000       52.109     3783.762
      10.316        0.000       52.109     3783.762
      10.419        0.000       52.109     3783.762
      10.521        0.000       52.109     3783.762
      10.623        0.000       52.109     3783.762
      10.725        0.000       52.109     3783.762
      10.827        0.000       52.109     3783.762
      10.929        0.000       52.109     3783.762
      11.031        0.000       52.109     3783.762
      11.143        8.900       52.234     3783.762
      11.245        0.000       52.234     3783.762
      11.347        9.800       52.234     3783.762
      11.449        0.000       52.234     3783.762
      11.551        0.000       52.234     3783.762
      11.653        0.000       52.234     3783.762
      11.755        0.000       52.234     3783.762
      11.857        0.000       52.234     3783.762
      11.959        0.000       52.234     3783.762
      12.061        0.000       52.234     3783.762
      12.162        0.000       52.234     3783.762
      12.264        0.000       52.234     3783.762
