# Elapsed time   CPU (%)     Real (MB)   Virtual (MB)
       0.002        0.000       22.203     2417.621
       0.105       49.000       43.305     3198.727
       0.207        0.000       43.305     3198.727
       0.309        0.000       43.305     3198.727
       0.411        0.000       43.305     3198.727
       0.513        0.000       43.305     3198.727
       0.615        0.000       43.305     3198.727
       0.717        0.000       43.305     3198.727
       0.819        0.000       43.305     3198.727
       0.921        0.000       43.305     3198.727
       1.024        0.000       43.305     3198.727
       1.126        0.000       43.305     3198.727
       1.229        0.000       43.305     3198.727
       1.332        0.000       43.305     3198.727
       1.434        0.000       43.305     3198.727
       1.536        0.000       43.305     3198.727
       1.638      107.700       85.258     3263.730
       1.740        0.000       85.258     3263.730
       1.845        0.000       85.258     3263.730
       1.947        0.000       85.258     3263.730
       2.049        0.000       85.258     3263.730
       2.151        0.000       85.258     3263.730
       2.253        0.000       85.258     3263.730
       2.355        0.000       85.258     3263.730
       2.457        0.000       85.258     3263.730
       2.559        0.000       85.258     3263.730
       2.661        0.000       85.258     3263.730
       2.763        0.000       85.258     3263.730
       2.865        0.000       85.258     3263.730
       2.967        0.000       85.258     3263.730
       3.069        0.000       85.258     3263.730
       3.171       98.400      127.758     3393.738
       3.273        0.000      127.758     3393.738
       3.375        0.000      127.758     3393.738
       3.477        0.000      127.758     3393.738
       3.578        0.000      127.758     3393.738
       3.680        0.000      127.758     3393.738
       3.782        0.000      127.758     3393.738
       3.884        0.000      127.758     3393.738
       3.986        0.000      127.758     3393.738
       4.089        0.000      127.758     3393.738
       4.191        0.000      127.758     3393.738
       4.293        0.000      127.758     3393.738
       4.394        0.000      127.758     3393.738
       4.496        0.000      127.758     3393.738
       4.598        0.000      127.758     3393.738
       4.700       19.700      167.086     3393.738
       4.802        0.000      167.086     3393.738
       4.904        0.000      167.086     3393.738
       5.006        0.000      167.086     3393.738
       5.108        0.000      165.566     3393.738
       5.210        0.000      165.566     3393.738
       5.312        0.000      165.566     3393.738
       5.413        0.000      165.566     3393.738
       5.515        0.000      165.566     3393.738
       5.617        0.000      165.566     3393.738
       5.719        0.000      165.566     3393.738
       5.821        0.000      165.566     3393.738
       5.923        0.000      165.566     3393.738
       6.025        0.000      165.566     3393.738
       6.127        0.000      165.566     3393.738
       6.228       39.600      203.973     3393.738
       6.329        0.000      203.973     3393.738
       6.431        0.000      203.973     3393.738
       6.533        0.000      203.973     3393.738
       6.635        0.000      203.973     3393.738
       6.738        0.000      203.973     3393.738
       6.844        0.000      203.973     3393.738
       6.946        0.000      203.973     3393.738
       7.048        0.000      203.973     3393.738
       7.150        0.000      203.973     3393.738
       7.253        0.000      203.973     3393.738
       7.355        0.000      203.973     3393.738
       7.457        0.000      203.973     3393.738
       7.559        0.000      203.973     3393.738
       7.661        0.000      203.973     3393.738
       7.763       19.500      243.297     3393.738
       7.865        0.000      243.297     3393.738
       7.968        0.000      243.297     3393.738
       8.070        0.000      243.297     3393.738
       8.172        0.000      243.297     3393.738
       8.274        0.000      243.297     3393.738
       8.376        0.000      243.297     3393.738
       8.478        0.000      243.297     3393.738
       8.579        0.000      243.297     3393.738
       8.681        0.000      243.297     3393.738
       8.783        0.000      243.297     3393.738
       8.884        0.000      243.297     3393.738
       8.985        0.000      243.297     3393.738
       9.087        0.000      243.297     3393.738
       9.189        0.000      243.297     3393.738
       9.291       19.600      245.172     3458.742
       9.393        0.000      245.172     3458.742
       9.495        0.000      245.172     3458.742
       9.597        0.000      245.172     3458.742
       9.699        0.000      245.172     3458.742
       9.802        0.000      245.172     3458.742
       9.904        0.000      245.172     3458.742
      10.006        0.000      245.172     3458.742
      10.107        0.000      245.172     3458.742
      10.209        0.000      243.902     3458.742
      10.311        0.000      243.902     3458.742
      10.413        0.000      243.902     3458.742
      10.515        0.000      243.902     3458.742
      10.617        0.000      243.902     3458.742
      10.719        0.000      243.902     3458.742
      10.821        0.000      243.902     3458.742
      10.923        0.000      243.902     3458.742
      11.025        0.000      243.902     3458.742
      11.127        0.000      243.902     3458.742
      11.229        0.000      243.902     3458.742
      11.330        0.000      243.902     3458.742
      11.431        0.000      243.902     3458.742
      11.533        0.000      243.902     3458.742
      11.635        0.000      243.902     3458.742
      11.737        0.000      243.902     3458.742
      11.838        0.000      243.902     3458.742
      11.940        0.000      243.902     3458.742
      12.042        0.000      243.902     3458.742
      12.144        0.000      243.902     3458.742
      12.246        0.000      243.902     3458.742
