# Elapsed time   CPU (%)     Real (MB)   Virtual (MB)
       0.002        0.000        3.418        5.918
       0.104        0.000        3.418        5.918
       0.225        0.000        3.418        5.918
       0.328        0.000        3.418        5.918
       0.430        0.000        3.418        5.918
       0.532        0.000        3.418        5.918
       0.634        0.000        3.418        5.918
       0.736        0.000        3.418        5.918
       0.837        0.000        3.418        5.918
       0.940        0.000        3.418        5.918
       1.043        0.000        3.418        5.918
       1.145        0.000        3.418        5.918
       1.246        0.000        3.418        5.918
       1.347        0.000        3.418        5.918
       1.449        0.000        3.418        5.918
       1.551       19.600       41.656       44.066
       1.653        0.000       41.656       44.066
       1.755        0.000       41.656       44.066
       1.857        0.000       41.656       44.066
       1.959        0.000       41.656       44.066
       2.061        0.000       41.656       44.066
       2.163        0.000       41.656       44.066
       2.265        0.000       41.656       44.066
       2.368        0.000       41.656       44.066
       2.476        0.000       41.656       44.066
       2.578        0.000       41.656       44.066
       2.680        0.000       41.656       44.066
       2.782        0.000       41.656       44.066
       2.884        0.000       41.656       44.066
       2.986        0.000       41.656       44.066
       3.088       19.600       79.805       82.215
       3.189        0.000       79.805       82.215
       3.293        0.000       79.805       82.215
       3.395        0.000       79.805       82.215
       3.497        0.000       79.805       82.215
       3.599        0.000       79.805       82.215
       3.701        0.000       79.805       82.215
       3.803        0.000       79.805       82.215
       3.905        0.000       79.805       82.215
       4.007        0.000       79.805       82.215
       4.109        0.000       79.805       82.215
       4.210        0.000       79.805       82.215
       4.312        0.000       79.805       82.215
       4.414        0.000       79.805       82.215
       4.516        0.000       79.805       82.215
       4.618       39.500      117.953      120.363
       4.720        0.000      117.953      120.363
       4.822        0.000      117.953      120.363
       4.924        0.000      117.953      120.363
       5.026        0.000      117.953      120.363
       5.128        0.000      117.953      120.363
       5.230        0.000      117.953      120.363
       5.332        0.000      117.953      120.363
       5.434        0.000      117.953      120.363
       5.536        0.000      117.953      120.363
       5.638        0.000      117.953      120.363
       5.740        0.000      117.953      120.363
       5.842        0.000      117.953      120.363
       5.944        0.000      117.953      120.363
       6.046        0.000      117.953      120.363
       6.148       19.600      156.102      158.512
       6.250        0.000      156.102      158.512
       6.351        0.000      156.102      158.512
       6.453        0.000      156.102      158.512
       6.555        0.000      156.102      158.512
       6.657        0.000      156.102      158.512
       6.759        0.000      156.102      158.512
       6.861        0.000      156.102      158.512
       6.963        0.000      156.102      158.512
       7.065        0.000      156.102      158.512
       7.167        0.000      156.102      158.512
       7.269        0.000      156.102      158.512
       7.371        0.000      156.102      158.512
       7.473        0.000      156.102      158.512
       7.574        0.000      156.102      158.512
       7.676       19.600      194.250      196.660
       7.778        0.000      194.250      196.660
       7.880        0.000      194.250      196.660
       7.983        0.000      194.250      196.660
       8.085        0.000      194.250      196.660
       8.187        0.000      194.250      196.660
       8.289        0.000      194.250      196.660
       8.392        0.000      194.250      196.660
       8.494        0.000      194.250      196.660
       8.596        0.000      194.250      196.660
       8.698        0.000      194.250      196.660
       8.836        0.000      194.250      196.660
       8.938        0.000      194.250      196.660
       9.039        0.000      194.250      196.660
       9.140        0.000        3.531        5.918
       9.243        0.000        3.531        5.918
       9.344        0.000        3.531        5.918
       9.446        0.000        3.531        5.918
       9.548        0.000        3.531        5.918
       9.650        0.000        3.531        5.918
       9.752        0.000        3.531        5.918
       9.854        0.000        3.531        5.918
       9.956        0.000        3.531        5.918
      10.058        0.000        3.531        5.918
      10.160        0.000        3.531        5.918
      10.262        0.000        3.531        5.918
      10.364        0.000        3.531        5.918
      10.465        0.000        3.531        5.918
      10.567        0.000        3.531        5.918
      10.669        0.000        3.531        5.918
      10.771        0.000        3.531        5.918
      10.873        0.000        3.531        5.918
      10.975        0.000        3.531        5.918
      11.077        0.000        3.531        5.918
      11.179        0.000        3.531        5.918
      11.281        0.000        3.531        5.918
      11.383        0.000        3.531        5.918
      11.484        0.000        3.531        5.918
      11.586        0.000        3.531        5.918
      11.688        0.000        3.531        5.918
      11.789        0.000        3.531        5.918
      11.892        0.000        3.531        5.918
      11.995        0.000        3.531        5.918
      12.097        0.000        3.531        5.918
